# linedensity[i]	correlation[i]/1024	correlation_fftw[i]	FourierComp_fftw[i]
0.162878	0.517404	0.517404	13836.7
0.198588	0.50874	0.50874	248.886
0.42132	0.496769	0.496769	257.84
0.469466	0.47755	0.47755	294.256
0.749363	0.451448	0.451448	224.734
0.878545	0.418047	0.418047	238.059
0.699696	0.37818	0.37818	242.426
1.04497	0.333106	0.333106	311.149
0.940399	0.283412	0.283412	346.14
1.00181	0.229376	0.229376	442.919
1.08395	0.171915	0.171915	674.49
1.04538	0.112443	0.112443	396.546
1.15991	0.052176	0.052176	479.977
0.995473	-0.00913819	-0.00913819	800.454
1.14255	-0.069922	-0.069922	757.741
0.91123	-0.128849	-0.128849	1187.08
1.02721	-0.185596	-0.185596	1737.67
0.991003	-0.238419	-0.238419	2753.64
0.725532	-0.287474	-0.287474	4957.82
0.578328	-0.331847	-0.331847	12685.5
0.552248	-0.370115	-0.370115	118242
0.619877	-0.402502	-0.402502	94322.8
0.389387	-0.428131	-0.428131	10995.3
0.186461	-0.446991	-0.446991	3413.24
0.136423	-0.458371	-0.458371	1736.73
-0.11196	-0.462249	-0.462249	1202.35
0.0183055	-0.458698	-0.458698	670.485
-0.373842	-0.447747	-0.447747	407.701
-0.507292	-0.429865	-0.429865	327.858
-0.3509	-0.404862	-0.404862	270.824
-0.617397	-0.373437	-0.373437	132.869
-0.745442	-0.336222	-0.336222	151.787
-0.793231	-0.293565	-0.293565	172.784
-0.900707	-0.246307	-0.246307	76.8363
-0.754776	-0.195478	-0.195478	141.211
-0.873016	-0.141386	-0.141386	73.2302
-0.923142	-0.0850089	-0.0850089	82.0604
-0.939498	-0.0269367	-0.0269367	47.985
-0.900371	0.031051	0.031051	35.7413
-0.82685	0.0884945	0.0884945	40.6587
-0.724571	0.144644	0.144644	106.611
-0.784314	0.198727	0.198727	40.4773
-0.597099	0.249491	0.249491	19.2664
-0.523238	0.295896	0.295896	10.4288
-0.405342	0.338176	0.338176	48.7326
-0.502743	0.375438	0.375438	52.5535
-0.239053	0.406385	0.406385	29.916
-0.160619	0.430898	0.430898	12.4233
-0.0131481	0.448742	0.448742	46.4467
0.00404611	0.459906	0.459906	6.54269
0.239332	0.464212	0.464212	15.2354
0.264787	0.460837	0.460837	0.783417
0.484533	0.450742	0.450742	5.06348
0.443007	0.433865	0.433865	5.37881
0.755411	0.410533	0.410533	1.60757
0.644872	0.380626	0.380626	8.7033
0.762549	0.34528	0.34528	14.3293
0.917532	0.304924	0.304924	13.8065
1.04212	0.260467	0.260467	1.96743
1.0801	0.212425	0.212425	3.37925
0.98192	0.160736	0.160736	7.00236
1.17378	0.107113	0.107113	5.87175
1.04324	0.0527057	0.0527057	7.07645
1.11102	-0.00212904	-0.00212904	3.99512
1.00213	-0.0569127	-0.0569127	9.84228
0.894291	-0.110041	-0.110041	11.767
0.903407	-0.161204	-0.161204	24.7593
0.914789	-0.209309	-0.209309	1.90493
0.834899	-0.253959	-0.253959	2.34152
0.729937	-0.294081	-0.294081	25.2787
0.598699	-0.328703	-0.328703	0.456663
0.481477	-0.358387	-0.358387	23.8152
0.331844	-0.381951	-0.381951	8.27952
0.258623	-0.39918	-0.39918	5.71858
0.180185	-0.409537	-0.409537	0.152095
0.0597608	-0.413749	-0.413749	0.102536
-0.104759	-0.411104	-0.411104	2.55743
-0.154915	-0.401807	-0.401807	0.318779
-0.308104	-0.386079	-0.386079	0.482061
-0.475552	-0.364129	-0.364129	14.3114
-0.468096	-0.336557	-0.336557	1.16984
-0.627654	-0.303499	-0.303499	33.9465
-0.666604	-0.265155	-0.265155	0.577425
-0.909298	-0.222772	-0.222772	1.11206
-0.902931	-0.177278	-0.177278	8.23941
-0.889649	-0.128757	-0.128757	3.03984
-0.967401	-0.0785879	-0.0785879	6.04824
-0.969705	-0.0265437	-0.0265437	1.97751
-0.900896	0.0256235	0.0256235	1.00595
-0.930705	0.0769904	0.0769904	3.87608
-0.88912	0.127096	0.127096	0.290417
-0.742166	0.175759	0.175759	2.18691
-0.699493	0.221183	0.221183	2.56498
-0.609058	0.26283	0.26283	15.4137
-0.509256	0.300814	0.300814	1.68785
-0.425718	0.334433	0.334433	3.20712
-0.306101	0.362309	0.362309	10.4283
-0.193678	0.384612	0.384612	17.0691
-0.128861	0.40089	0.40089	0.401983
0.0729558	0.411565	0.411565	7.76497
0.325864	0.415758	0.415758	14.0763
0.347961	0.413255	0.413255	1.66079
0.523222	0.404592	0.404592	1.52086
0.536579	0.390422	0.390422	5.51649
0.62577	0.36988	0.36988	0.437448
0.829586	0.343897	0.343897	1.8735
0.839852	0.312629	0.312629	7.2882
0.879341	0.277333	0.277333	8.09184
1.04332	0.237909	0.237909	13.0269
1.13672	0.194837	0.194837	4.11456
1.10535	0.149567	0.149567	1.30859
1.02642	0.102261	0.102261	5.7991
1.1471	0.0537242	0.0537242	8.56423
1.13382	0.00494867	0.00494867	2.09107
0.935573	-0.0438444	-0.0438444	1.83361
0.980051	-0.0909226	-0.0909226	2.18862
0.968393	-0.1364	-0.1364	4.10334
0.953817	-0.179689	-0.179689	1.16561
0.870262	-0.219356	-0.219356	3.31224
0.711794	-0.25521	-0.25521	5.67192
0.70268	-0.286476	-0.286476	0.321529
0.459091	-0.31344	-0.31344	0.787587
0.458378	-0.334303	-0.334303	8.22995
0.217517	-0.349951	-0.349951	2.99738
0.105638	-0.360165	-0.360165	3.21347
0.00735875	-0.364245	-0.364245	3.35504
-0.0738305	-0.362401	-0.362401	4.20755
-0.09622	-0.354499	-0.354499	3.39329
-0.422889	-0.340728	-0.340728	7.13837
-0.569912	-0.322148	-0.322148	2.39311
-0.666948	-0.298041	-0.298041	0.617171
-0.75988	-0.269415	-0.269415	7.15315
-0.775425	-0.236257	-0.236257	1.50849
-0.769943	-0.199257	-0.199257	0.0923108
-0.76362	-0.159388	-0.159388	2.33184
-0.810332	-0.117078	-0.117078	23.3534
-0.841728	-0.0726182	-0.0726182	0.545047
-0.850117	-0.0273386	-0.0273386	6.03144
-0.871206	0.0185885	0.0185885	4.05791
-0.834299	0.0638187	0.0638187	1.85814
-0.784506	0.108571	0.108571	12.8473
-0.721585	0.151285	0.151285	3.2263
-0.712974	0.19172	0.19172	0.925312
-0.561951	0.228911	0.228911	1.06184
-0.581421	0.262576	0.262576	4.09729
-0.419596	0.292456	0.292456	1.81421
-0.419224	0.31748	0.31748	0.792716
-0.166444	0.337564	0.337564	5.23811
-0.132769	0.352468	0.352468	1.7407
0.164042	0.362155	0.362155	2.24889
0.137041	0.366538	0.366538	5.26202
0.387055	0.364718	0.364718	9.36267
0.382635	0.357664	0.357664	0.806352
0.541292	0.345611	0.345611	8.71091
0.657432	0.328061	0.328061	7.24509
0.806838	0.305496	0.305496	6.52942
0.824826	0.278541	0.278541	0.346428
0.992715	0.247697	0.247697	1.93239
1.03378	0.213176	0.213176	14.7207
1.01025	0.175839	0.175839	27.1801
1.03055	0.135927	0.135927	1.11527
1.00764	0.0949336	0.0949336	2.92529
1.08195	0.0519978	0.0519978	14.8187
1.07821	0.00907451	0.00907451	1.65092
1.10345	-0.0336315	-0.0336315	1.80783
1.01631	-0.0750403	-0.0750403	0.540588
0.900564	-0.115131	-0.115131	1.90367
0.899314	-0.152835	-0.152835	1.5786
0.801556	-0.188006	-0.188006	10.2525
0.646916	-0.219917	-0.219917	1.58468
0.652743	-0.247483	-0.247483	6.53147
0.438619	-0.271002	-0.271002	1.0144
0.473334	-0.290278	-0.290278	1.48884
0.217212	-0.304333	-0.304333	15.6945
0.0492455	-0.313286	-0.313286	8.21168
-0.0257098	-0.317314	-0.317314	8.10382
-0.0466808	-0.316102	-0.316102	1.42398
-0.337023	-0.309916	-0.309916	6.7329
-0.417831	-0.298215	-0.298215	7.98376
-0.307864	-0.282607	-0.282607	0.593207
-0.507799	-0.261539	-0.261539	0.127577
-0.750141	-0.236872	-0.236872	2.17721
-0.751273	-0.207999	-0.207999	1.13866
-0.859476	-0.176314	-0.176314	1.21944
-0.836719	-0.141751	-0.141751	14.2458
-0.84835	-0.10511	-0.10511	5.6571
-0.961032	-0.0664434	-0.0664434	5.31392
-0.801785	-0.0270337	-0.0270337	6.60737
-0.83469	0.0130092	0.0130092	1.69867
-0.942819	0.0523325	0.0523325	0.653843
-0.866549	0.0915387	0.0915387	4.15941
-0.788642	0.128464	0.128464	16.8922
-0.670718	0.1637	0.1637	6.73997
-0.562028	0.196194	0.196194	0.687716
-0.502415	0.22616	0.22616	8.35622
-0.404295	0.252306	0.252306	4.64526
-0.27908	0.274234	0.274234	6.27029
-0.19088	0.292181	0.292181	8.2734
-0.00705015	0.305939	0.305939	0.090626
0.043369	0.31516	0.31516	6.83573
0.158765	0.319179	0.319179	3.88261
0.199102	0.318354	0.318354	3.14501
0.331241	0.312894	0.312894	0.669136
0.465298	0.30278	0.30278	2.07239
0.796778	0.28832	0.28832	3.76537
0.728121	0.269181	0.269181	5.06746
0.700265	0.2464	0.2464	8.18603
0.962752	0.220403	0.220403	1.11141
0.931245	0.190873	0.190873	0.836106
1.15679	0.15882	0.15882	13.6732
1.14681	0.124686	0.124686	5.52226
1.09762	0.0894322	0.0894322	0.039262
1.04923	0.052967	0.052967	1.5156
1.10907	0.0160369	0.0160369	2.02727
1.02369	-0.0207166	-0.0207166	0.288873
1.0896	-0.0565839	-0.0565839	1.7881
1.02998	-0.0913604	-0.0913604	4.85853
0.919829	-0.123951	-0.123951	3.38911
0.795947	-0.154194	-0.154194	8.33094
0.689379	-0.181551	-0.181551	0.239402
0.583634	-0.205893	-0.205893	0.0534012
0.51828	-0.226645	-0.226645	3.07675
0.396609	-0.24377	-0.24377	28.9535
0.106248	-0.256373	-0.256373	3.16359
0.0429953	-0.264635	-0.264635	1.00048
0.147656	-0.26859	-0.26859	22.0656
-0.24034	-0.267828	-0.267828	23.1222
-0.354464	-0.263121	-0.263121	1.28061
-0.263685	-0.254198	-0.254198	2.06343
-0.542842	-0.240852	-0.240852	7.37503
-0.529157	-0.223787	-0.223787	8.12837
-0.733823	-0.202899	-0.202899	0.73908
-0.854282	-0.179214	-0.179214	13.7568
-0.910974	-0.152408	-0.152408	8.04831
-0.914702	-0.123491	-0.123491	2.57942
-0.764753	-0.0922375	-0.0922375	10.8631
-0.973302	-0.0599375	-0.0599375	0.665529
-0.987323	-0.0266356	-0.0266356	8.86679
-0.842322	0.00705268	0.00705268	2.80016
-0.818629	0.0404368	0.0404368	8.22204
-0.812443	0.0736814	0.0736814	0.3066
-0.720283	0.105626	0.105626	12.8924
-0.678731	0.135281	0.135281	0.40811
-0.544607	0.163083	0.163083	16.4174
-0.446966	0.188765	0.188765	1.39886
-0.529914	0.211517	0.211517	11.4225
-0.279015	0.230713	0.230713	19.6199
-0.197357	0.245805	0.245805	48.3865
0.074237	0.25828	0.25828	4.60966
-0.0646761	0.2665	0.2665	10.5454
0.251193	0.270557	0.270557	1.67272
0.20486	0.270363	0.270363	5.44027
0.323594	0.266336	0.266336	0.317815
0.570385	0.258799	0.258799	2.78421
0.615188	0.246803	0.246803	0.487129
0.714983	0.231286	0.231286	2.77886
0.736959	0.212796	0.212796	5.15826
1.01665	0.191081	0.191081	3.43837
0.98803	0.16721	0.16721	13.6454
1.086	0.140241	0.140241	11.2512
1.09996	0.112133	0.112133	2.33581
1.19156	0.0821835	0.0821835	0.823117
1.10864	0.0517994	0.0517994	2.09203
1.07498	0.0213612	0.0213612	2.05528
0.978963	-0.00939995	-0.00939995	7.32972
1.03703	-0.0391961	-0.0391961	0.614313
0.929204	-0.068469	-0.068469	6.74419
0.919679	-0.0960588	-0.0960588	21.0613
0.746443	-0.121622	-0.121622	5.02316
0.717629	-0.145125	-0.145125	4.3771
0.717908	-0.165952	-0.165952	2.07191
0.513493	-0.183407	-0.183407	0.165239
0.431048	-0.197956	-0.197956	6.52466
0.126089	-0.208907	-0.208907	4.39772
0.165454	-0.216565	-0.216565	3.94417
0.088147	-0.220774	-0.220774	7.86485
-0.0748604	-0.220937	-0.220937	17.0931
-0.198716	-0.217179	-0.217179	5.08728
-0.524106	-0.210532	-0.210532	1.13437
-0.505744	-0.200302	-0.200302	9.62902
-0.59824	-0.187157	-0.187157	9.76072
-0.669598	-0.170718	-0.170718	1.91252
-0.672194	-0.15126	-0.15126	2.16277
-0.796888	-0.129823	-0.129823	2.55975
-0.890094	-0.106391	-0.106391	0.121191
-0.879124	-0.0809545	-0.0809545	0.188594
-0.940417	-0.0544988	-0.0544988	1.26223
-0.906924	-0.0273932	-0.0273932	3.94024
-0.915562	8.80059e-06	8.80059e-06	4.88358
-0.78565	0.0278008	0.0278008	2.79803
-0.87832	0.0551212	0.0551212	6.82542
-0.790891	0.0812511	0.0812511	3.65518
-0.701731	0.105884	0.105884	6.9614
-0.711148	0.129184	0.129184	9.86146
-0.442061	0.15072	0.15072	7.67609
-0.333984	0.169739	0.169739	0.652567
-0.410838	0.186219	0.186219	4.11919
-0.221592	0.199306	0.199306	1.00181
-0.00275415	0.210111	0.210111	0.253824
0.106752	0.217431	0.217431	3.00229
0.252688	0.221584	0.221584	11.7124
0.331431	0.222439	0.222439	5.15629
0.577082	0.21958	0.21958	1.56163
0.672444	0.214548	0.214548	1.42735
0.729554	0.206	0.206	0.167282
0.72906	0.194344	0.194344	2.68295
0.829514	0.179922	0.179922	9.9357
0.975517	0.163456	0.163456	3.89988
1.02582	0.144744	0.144744	3.0938
0.982657	0.124058	0.124058	1.15133
1.15597	0.101927	0.101927	6.66921
1.08763	0.0787749	0.0787749	2.54204
1.12499	0.0546805	0.0546805	7.84394
1.12023	0.0300931	0.0300931	1.93405
0.934759	0.00568167	0.00568167	3.32194
1.0962	-0.0185191	-0.0185191	1.03368
0.915367	-0.04183	-0.04183	7.58246
1.01995	-0.064141	-0.064141	1.10368
0.754247	-0.0845498	-0.0845498	6.35084
0.793034	-0.104044	-0.104044	0.34402
0.610266	-0.121275	-0.121275	2.34908
0.466483	-0.136169	-0.136169	0.114304
0.276773	-0.148399	-0.148399	3.43676
0.213963	-0.158174	-0.158174	4.25349
0.262078	-0.165392	-0.165392	5.88217
0.0429417	-0.169769	-0.169769	4.83219
-0.191619	-0.170914	-0.170914	10.1049
-0.219591	-0.169034	-0.169034	0.0667218
-0.446349	-0.164627	-0.164627	8.23285
-0.480565	-0.158075	-0.158075	0.268633
-0.582408	-0.148564	-0.148564	6.31212
-0.66521	-0.136872	-0.136872	0.826356
-0.791181	-0.122617	-0.122617	0.0896238
-0.740777	-0.106741	-0.106741	3.33694
-0.817915	-0.0890453	-0.0890453	6.67071
-0.797161	-0.06996	-0.06996	5.32012
-0.894509	-0.0496283	-0.0496283	13.0257
-0.921248	-0.0288154	-0.0288154	2.89915
-0.94167	-0.00741673	-0.00741673	4.69437
-0.879843	0.0138384	0.0138384	0.868625
-0.836922	0.0351935	0.0351935	4.82785
-0.790944	0.0561315	0.0561315	5.15184
-0.753759	0.0755469	0.0755469	1.23183
-0.554647	0.094015	0.094015	8.99552
-0.48655	0.110981	0.110981	5.76744
-0.384157	0.126531	0.126531	10.9978
-0.324771	0.13952	0.13952	4.05412
-0.124763	0.151035	0.151035	8.04961
0.112556	0.160354	0.160354	14.9783
0.110625	0.167315	0.167315	4.12817
0.173792	0.171312	0.171312	4.68725
0.261558	0.173162	0.173162	9.10407
0.269706	0.172407	0.172407	2.06939
0.557792	0.169801	0.169801	4.53427
0.748205	0.164042	0.164042	4.65127
0.668099	0.156314	0.156314	1.01749
0.738905	0.146711	0.146711	0.869136
0.948107	0.134856	0.134856	3.10444
1.10228	0.121336	0.121336	2.15386
0.935038	0.106294	0.106294	2.73842
0.978167	0.0901649	0.0901649	12.0341
1.00558	0.0729435	0.0729435	1.48401
1.15947	0.0547953	0.0547953	17.1744
1.05407	0.0363314	0.0363314	2.19972
1.00465	0.0176589	0.0176589	1.59705
0.907825	-0.000454537	-0.000454537	0.656037
0.936599	-0.0186021	-0.0186021	1.82634
0.851389	-0.0359563	-0.0359563	11.7465
0.762325	-0.0520003	-0.0520003	1.9037
0.583893	-0.0674703	-0.0674703	0.541915
0.753578	-0.0811383	-0.0811383	9.84976
0.407486	-0.0933877	-0.0933877	3.00554
0.35298	-0.103641	-0.103641	0.730026
0.135864	-0.111986	-0.111986	0.414354
0.154009	-0.118333	-0.118333	5.09117
0.120689	-0.122997	-0.122997	4.03625
-0.104368	-0.125135	-0.125135	2.25783
-0.263756	-0.125125	-0.125125	1.54077
-0.337276	-0.123104	-0.123104	5.6057
-0.531598	-0.118787	-0.118787	0.429614
-0.643169	-0.112876	-0.112876	1.7923
-0.722626	-0.105205	-0.105205	8.95845
-0.604523	-0.0955835	-0.0955835	2.59619
-0.738475	-0.0848807	-0.0848807	1.86309
-0.80616	-0.0722416	-0.0722416	1.20376
-0.890555	-0.0587279	-0.0587279	7.31829
-0.797339	-0.0443526	-0.0443526	1.09827
-0.856088	-0.0291006	-0.0291006	2.82575
-0.969097	-0.0137873	-0.0137873	3.57049
-0.813354	0.00169081	0.00169081	5.50163
-0.87019	0.0173331	0.0173331	1.42066
-0.755937	0.032598	0.032598	2.92861
-0.651855	0.047329	0.047329	9.4754
-0.571153	0.0611476	0.0611476	1.30067
-0.528632	0.0741741	0.0741741	2.53376
-0.260543	0.0861215	0.0861215	2.69228
-0.211674	0.09695	0.09695	1.58505
-0.178077	0.106131	0.106131	5.95683
-0.0266794	0.113672	0.113672	3.56877
0.244621	0.120108	0.120108	0.743382
0.204689	0.124524	0.124524	12.044
0.302569	0.127462	0.127462	4.31576
0.59751	0.128554	0.128554	7.34354
0.485861	0.127797	0.127797	0.0765084
0.611764	0.125165	0.125165	0.943317
0.709918	0.121181	0.121181	1.43025
0.801391	0.115662	0.115662	0.829483
0.931012	0.108544	0.108544	1.31931
1.01652	0.100066	0.100066	12.284
1.06451	0.0905293	0.0905293	18.0782
1.02373	0.0803138	0.0803138	7.39872
1.00085	0.0688095	0.0688095	3.2978
1.16514	0.0571069	0.0571069	8.56523
1.15894	0.0445759	0.0445759	7.0451
1.07468	0.0320231	0.0320231	0.667831
0.953071	0.0197639	0.0197639	9.8402
1.0016	0.00697305	0.00697305	9.08471
0.831138	-0.00520793	-0.00520793	9.03982
0.790014	-0.01682	-0.01682	6.5427
0.712167	-0.0279793	-0.0279793	1.7516
0.638732	-0.0386174	-0.0386174	2.97917
0.39808	-0.0478613	-0.0478613	13.5864
0.328841	-0.0562413	-0.0562413	1.46671
0.343357	-0.0633521	-0.0633521	0.176771
0.155732	-0.0690871	-0.0690871	0.396424
-0.00302829	-0.0739237	-0.0739237	12.0937
-0.226125	-0.0768897	-0.0768897	11.8372
-0.389195	-0.0786268	-0.0786268	1.12968
-0.301135	-0.0790851	-0.0790851	0.0543071
-0.470055	-0.0784127	-0.0784127	6.42037
-0.717797	-0.0760139	-0.0760139	0.990043
-0.637686	-0.0726625	-0.0726625	1.11659
-0.843873	-0.0680292	-0.0680292	10.8286
-0.738583	-0.062311	-0.062311	3.57158
-0.847017	-0.0560955	-0.0560955	0.481123
-0.77719	-0.048689	-0.048689	4.18757
-0.834246	-0.0404157	-0.0404157	3.44026
-0.840582	-0.031627	-0.031627	12.5785
-0.858055	-0.0221183	-0.0221183	2.55387
-0.861106	-0.0125314	-0.0125314	3.72473
-0.811768	-0.00281103	-0.00281103	4.27331
-0.739533	0.00711286	0.00711286	1.55728
-0.649689	0.0166444	0.0166444	2.08691
-0.650469	0.0261482	0.0261482	5.57452
-0.483657	0.0353222	0.0353222	4.9217
-0.281056	0.0437972	0.0437972	6.56046
-0.308282	0.0517366	0.0517366	1.79418
-0.216605	0.0589329	0.0589329	3.52948
-0.188634	0.0652631	0.0652631	1.03392
0.164744	0.0708289	0.0708289	3.21878
0.173936	0.0753509	0.0753509	2.65593
0.20768	0.078955	0.078955	0.554164
0.407105	0.0815921	0.0815921	8.52651
0.567018	0.0832049	0.0832049	7.30641
0.63514	0.0835505	0.0835505	7.09867
0.687427	0.0834461	0.0834461	0.35198
0.720793	0.0819833	0.0819833	2.39669
0.916124	0.079642	0.079642	15.1948
0.978111	0.0761634	0.0761634	0.238442
1.07143	0.0722403	0.0722403	5.11654
1.08428	0.0678236	0.0678236	6.93851
1.15461	0.0625341	0.0625341	2.96609
1.13802	0.0567283	0.0567283	2.12587
1.00977	0.0505322	0.0505322	2.11969
1.00561	0.0438538	0.0438538	4.2908
0.991348	0.0366957	0.0366957	0.277892
0.946419	0.0296911	0.0296911	8.09077
0.89993	0.0226208	0.0226208	6.59979
0.738229	0.0156211	0.0156211	4.5926
0.708038	0.00874813	0.00874813	5.80598
0.701002	0.00172831	0.00172831	11.5063
0.563208	-0.00453182	-0.00453182	4.58009
0.275149	-0.010565	-0.010565	10.8376
0.313028	-0.0161602	-0.0161602	3.33186
-0.00437682	-0.0213289	-0.0213289	5.93672
0.0760256	-0.0255922	-0.0255922	1.46467
-0.0616622	-0.0294016	-0.0294016	5.53526
-0.281728	-0.0327894	-0.0327894	2.76928
-0.313925	-0.0355853	-0.0355853	6.01567
-0.410787	-0.0374368	-0.0374368	2.35067
-0.529316	-0.0387146	-0.0387146	4.47965
-0.541276	-0.0391756	-0.0391756	0.0595012
-0.829093	-0.0396039	-0.0396039	0.946109
-0.709404	-0.0389127	-0.0389127	3.97239
-0.789314	-0.0372949	-0.0372949	15.2052
-0.848624	-0.0356668	-0.0356668	1.38677
-0.927629	-0.0334904	-0.0334904	1.3047
-0.987906	-0.0307094	-0.0307094	3.19981
-0.796859	-0.0274659	-0.0274659	7.87935
-0.973494	-0.0234048	-0.0234048	1.03731
-0.814526	-0.0197759	-0.0197759	13.6308
-0.704105	-0.0157243	-0.0157243	1.91218
-0.626773	-0.0110618	-0.0110618	0.324484
-0.67395	-0.0059997	-0.0059997	0.154755
-0.59563	-0.00150502	-0.00150502	1.15813
-0.516242	0.0031859	0.0031859	10.6918
-0.298505	0.0078437	0.0078437	21.4658
-0.170429	0.0129745	0.0129745	3.0449
-0.00772551	0.0175125	0.0175125	0.728046
0.202084	0.0222691	0.0222691	2.09762
0.213043	0.0264965	0.0264965	5.67437
0.348747	0.0312719	0.0312719	2.49463
0.423918	0.0355147	0.0355147	6.77112
0.607522	0.0391938	0.0391938	0.736557
0.556501	0.0426323	0.0426323	3.98611
0.758759	0.0460459	0.0460459	7.33905
0.906078	0.0492492	0.0492492	8.18835
0.849279	0.0511426	0.0511426	7.9452
0.9768	0.0533657	0.0533657	1.78062
0.973418	0.0550472	0.0550472	4.45544
0.985084	0.0561234	0.0561234	0.90941
1.1221	0.0565002	0.0565002	7.74505
1.07873	0.0569949	0.0569949	5.04744
1.08279	0.0565002	0.0565002	7.88125e+133
1.04046	0.0561234	0.0561234	7.88125e+133
1.06253	0.0550472	0.0550472	7.88125e+133
0.935464	0.0533657	0.0533657	7.88125e+133
0.865136	0.0511426	0.0511426	7.88125e+133
0.797729	0.0492492	0.0492492	7.88125e+133
0.618636	0.0460459	0.0460459	7.88125e+133
0.560121	0.0426323	0.0426323	7.88125e+133
0.47152	0.0391938	0.0391938	7.88125e+133
0.357417	0.0355147	0.0355147	7.88125e+133
0.413765	0.0312719	0.0312719	7.88125e+133
0.117532	0.0264965	0.0264965	7.88125e+133
0.08664	0.0222691	0.0222691	7.88125e+133
-0.00365559	0.0175125	0.0175125	7.88125e+133
-0.191625	0.0129745	0.0129745	7.88125e+133
-0.240092	0.0078437	0.0078437	7.88125e+133
-0.331135	0.0031859	0.0031859	7.88125e+133
-0.621549	-0.00150502	-0.00150502	7.88125e+133
-0.743457	-0.0059997	-0.0059997	7.88125e+133
-0.767058	-0.0110618	-0.0110618	7.88125e+133
-0.897157	-0.0157243	-0.0157243	7.88125e+133
-0.888633	-0.0197759	-0.0197759	7.88125e+133
-0.885313	-0.0234048	-0.0234048	7.88125e+133
-0.859421	-0.0274659	-0.0274659	7.88125e+133
-0.988508	-0.0307094	-0.0307094	7.88125e+133
-0.834731	-0.0334904	-0.0334904	7.88125e+133
-0.91098	-0.0356668	-0.0356668	7.88125e+133
-0.858434	-0.0372949	-0.0372949	7.88125e+133
-0.826391	-0.0389127	-0.0389127	7.88125e+133
-0.68214	-0.0396039	-0.0396039	7.88125e+133
-0.619658	-0.0391756	-0.0391756	7.88125e+133
-0.50969	-0.0387146	-0.0387146	7.88125e+133
-0.390343	-0.0374368	-0.0374368	7.88125e+133
-0.355378	-0.0355853	-0.0355853	7.88125e+133
-0.168875	-0.0327894	-0.0327894	7.88125e+133
0.077905	-0.0294016	-0.0294016	7.88125e+133
0.0612876	-0.0255922	-0.0255922	7.88125e+133
0.0772286	-0.0213289	-0.0213289	7.88125e+133
0.205803	-0.0161602	-0.0161602	7.88125e+133
0.52797	-0.010565	-0.010565	7.88125e+133
0.664019	-0.00453182	-0.00453182	7.88125e+133
0.686275	0.00172831	0.00172831	7.88125e+133
0.763851	0.00874813	0.00874813	7.88125e+133
0.816568	0.0156211	0.0156211	7.88125e+133
0.880419	0.0226208	0.0226208	7.88125e+133
1.03891	0.0296911	0.0296911	7.88125e+133
1.01773	0.0366957	0.0366957	7.88125e+133
1.12884	0.0438538	0.0438538	7.88125e+133
1.01211	0.0505322	0.0505322	7.88125e+133
1.0449	0.0567283	0.0567283	7.88125e+133
1.02719	0.0625341	0.0625341	7.88125e+133
1.07365	0.0678236	0.0678236	7.88125e+133
1.12384	0.0722403	0.0722403	7.88125e+133
1.00462	0.0761634	0.0761634	7.88125e+133
0.891964	0.079642	0.079642	7.88125e+133
0.703127	0.0819833	0.0819833	7.88125e+133
0.860676	0.0834461	0.0834461	7.88125e+133
0.6217	0.0835505	0.0835505	7.88125e+133
0.452369	0.0832049	0.0832049	7.88125e+133
0.317938	0.0815921	0.0815921	7.88125e+133
0.373173	0.078955	0.078955	7.88125e+133
-0.0482104	0.0753509	0.0753509	7.88125e+133
0.115913	0.0708289	0.0708289	7.88125e+133
-0.194942	0.0652631	0.0652631	7.88125e+133
-0.280415	0.0589329	0.0589329	7.88125e+133
-0.386439	0.0517366	0.0517366	7.88125e+133
-0.465202	0.0437972	0.0437972	7.88125e+133
-0.513222	0.0353222	0.0353222	7.88125e+133
-0.749773	0.0261482	0.0261482	7.88125e+133
-0.823868	0.0166444	0.0166444	7.88125e+133
-0.755831	0.00711286	0.00711286	7.88125e+133
-0.711731	-0.00281103	-0.00281103	7.88125e+133
-0.961428	-0.0125314	-0.0125314	7.88125e+133
-0.86095	-0.0221183	-0.0221183	7.88125e+133
-0.820832	-0.031627	-0.031627	7.88125e+133
-0.82721	-0.0404157	-0.0404157	7.88125e+133
-0.815588	-0.048689	-0.048689	7.88125e+133
-0.911232	-0.0560955	-0.0560955	7.88125e+133
-0.853029	-0.062311	-0.062311	7.88125e+133
-0.659703	-0.0680292	-0.0680292	7.88125e+133
-0.626865	-0.0726625	-0.0726625	7.88125e+133
-0.559587	-0.0760139	-0.0760139	7.88125e+133
-0.367717	-0.0784127	-0.0784127	7.88125e+133
-0.219886	-0.0790851	-0.0790851	7.88125e+133
-0.241697	-0.0786268	-0.0786268	7.88125e+133
-0.0647249	-0.0768897	-0.0768897	7.88125e+133
0.105577	-0.0739237	-0.0739237	7.88125e+133
0.236956	-0.0690871	-0.0690871	7.88125e+133
0.318061	-0.0633521	-0.0633521	7.88125e+133
0.47634	-0.0562413	-0.0562413	7.88125e+133
0.703021	-0.0478613	-0.0478613	7.88125e+133
0.72366	-0.0386174	-0.0386174	7.88125e+133
0.659631	-0.0279793	-0.0279793	7.88125e+133
0.851664	-0.01682	-0.01682	7.88125e+133
0.907821	-0.00520793	-0.00520793	7.88125e+133
1.03307	0.00697305	0.00697305	7.88125e+133
0.997908	0.0197639	0.0197639	7.88125e+133
0.956058	0.0320231	0.0320231	7.88125e+133
1.13077	0.0445759	0.0445759	7.88125e+133
1.16636	0.0571069	0.0571069	7.88125e+133
1.16245	0.0688095	0.0688095	7.88125e+133
1.1099	0.0803138	0.0803138	7.88125e+133
1.12218	0.0905293	0.0905293	7.88125e+133
1.07141	0.100066	0.100066	7.88125e+133
1.02006	0.108544	0.108544	7.88125e+133
0.830417	0.115662	0.115662	7.88125e+133
0.695549	0.121181	0.121181	7.88125e+133
0.707926	0.125165	0.125165	7.88125e+133
0.483246	0.127797	0.127797	7.88125e+133
0.446169	0.128554	0.128554	7.88125e+133
0.269075	0.127462	0.127462	7.88125e+133
0.0675976	0.124524	0.124524	7.88125e+133
0.143425	0.120108	0.120108	7.88125e+133
-0.0881306	0.113672	0.113672	7.88125e+133
-0.2426	0.106131	0.106131	7.88125e+133
-0.241073	0.09695	0.09695	7.88125e+133
-0.467774	0.0861215	0.0861215	7.88125e+133
-0.596984	0.0741741	0.0741741	7.88125e+133
-0.691788	0.0611476	0.0611476	7.88125e+133
-0.747606	0.047329	0.047329	7.88125e+133
-0.803494	0.032598	0.032598	7.88125e+133
-0.859266	0.0173331	0.0173331	7.88125e+133
-0.908789	0.00169081	0.00169081	7.88125e+133
-0.978299	-0.0137873	-0.0137873	7.88125e+133
-0.963584	-0.0291006	-0.0291006	7.88125e+133
-0.898398	-0.0443526	-0.0443526	7.88125e+133
-0.902767	-0.0587279	-0.0587279	7.88125e+133
-0.77156	-0.0722416	-0.0722416	7.88125e+133
-0.839305	-0.0848807	-0.0848807	7.88125e+133
-0.625839	-0.0955835	-0.0955835	7.88125e+133
-0.574642	-0.105205	-0.105205	7.88125e+133
-0.514618	-0.112876	-0.112876	7.88125e+133
-0.413311	-0.118787	-0.118787	7.88125e+133
-0.29447	-0.123104	-0.123104	7.88125e+133
-0.188319	-0.125125	-0.125125	7.88125e+133
0.0263449	-0.125135	-0.125135	7.88125e+133
0.150749	-0.122997	-0.122997	7.88125e+133
0.0499679	-0.118333	-0.118333	7.88125e+133
0.244349	-0.111986	-0.111986	7.88125e+133
0.434057	-0.103641	-0.103641	7.88125e+133
0.585038	-0.0933877	-0.0933877	7.88125e+133
0.759495	-0.0811383	-0.0811383	7.88125e+133
0.697699	-0.0674703	-0.0674703	7.88125e+133
0.84769	-0.0520003	-0.0520003	7.88125e+133
0.915356	-0.0359563	-0.0359563	7.88125e+133
0.965154	-0.0186021	-0.0186021	7.88125e+133
0.980137	-0.000454537	-0.000454537	7.88125e+133
1.09939	0.0176589	0.0176589	7.88125e+133
1.15454	0.0363314	0.0363314	7.88125e+133
1.02562	0.0547953	0.0547953	7.88125e+133
1.04049	0.0729435	0.0729435	7.88125e+133
0.973084	0.0901649	0.0901649	7.88125e+133
0.94457	0.106294	0.106294	7.88125e+133
1.08306	0.121336	0.121336	7.88125e+133
0.898106	0.134856	0.134856	7.88125e+133
0.80289	0.146711	0.146711	7.88125e+133
0.788426	0.156314	0.156314	7.88125e+133
0.525624	0.164042	0.164042	7.88125e+133
0.554499	0.169801	0.169801	7.88125e+133
0.438335	0.172407	0.172407	7.88125e+133
0.137068	0.173162	0.173162	7.88125e+133
0.114974	0.171312	0.171312	7.88125e+133
-0.0197658	0.167315	0.167315	7.88125e+133
0.0068517	0.160354	0.160354	7.88125e+133
-0.365141	0.151035	0.151035	7.88125e+133
-0.290499	0.13952	0.13952	7.88125e+133
-0.502796	0.126531	0.126531	7.88125e+133
-0.443975	0.110981	0.110981	7.88125e+133
-0.654605	0.094015	0.094015	7.88125e+133
-0.691996	0.0755469	0.0755469	7.88125e+133
-0.772309	0.0561315	0.0561315	7.88125e+133
-0.84521	0.0351935	0.0351935	7.88125e+133
-0.821729	0.0138384	0.0138384	7.88125e+133
-0.853064	-0.00741673	-0.00741673	7.88125e+133
-0.80377	-0.0288154	-0.0288154	7.88125e+133
-0.830846	-0.0496283	-0.0496283	7.88125e+133
-0.919766	-0.06996	-0.06996	7.88125e+133
-0.847124	-0.0890453	-0.0890453	7.88125e+133
-0.688307	-0.106741	-0.106741	7.88125e+133
-0.589358	-0.122617	-0.122617	7.88125e+133
-0.660939	-0.136872	-0.136872	7.88125e+133
-0.554312	-0.148564	-0.148564	7.88125e+133
-0.502322	-0.158075	-0.158075	7.88125e+133
-0.353267	-0.164627	-0.164627	7.88125e+133
-0.267363	-0.169034	-0.169034	7.88125e+133
0.0122821	-0.170914	-0.170914	7.88125e+133
0.0862578	-0.169769	-0.169769	7.88125e+133
0.0824968	-0.165392	-0.165392	7.88125e+133
0.258208	-0.158174	-0.158174	7.88125e+133
0.500464	-0.148399	-0.148399	7.88125e+133
0.704906	-0.136169	-0.136169	7.88125e+133
0.672879	-0.121275	-0.121275	7.88125e+133
0.826075	-0.104044	-0.104044	7.88125e+133
0.883251	-0.0845498	-0.0845498	7.88125e+133
0.923398	-0.064141	-0.064141	7.88125e+133
0.929571	-0.04183	-0.04183	7.88125e+133
1.07057	-0.0185191	-0.0185191	7.88125e+133
1.15771	0.00568167	0.00568167	7.88125e+133
1.19057	0.0300931	0.0300931	7.88125e+133
1.169	0.0546805	0.0546805	7.88125e+133
1.09485	0.0787749	0.0787749	7.88125e+133
1.14878	0.101927	0.101927	7.88125e+133
1.00299	0.124058	0.124058	7.88125e+133
1.00842	0.144744	0.144744	7.88125e+133
0.926767	0.163456	0.163456	7.88125e+133
0.859229	0.179922	0.179922	7.88125e+133
0.875585	0.194344	0.194344	7.88125e+133
0.767262	0.206	0.206	7.88125e+133
0.36392	0.214548	0.214548	7.88125e+133
0.310671	0.21958	0.21958	7.88125e+133
0.245156	0.222439	0.222439	7.88125e+133
0.209108	0.221584	0.221584	7.88125e+133
0.0727532	0.217431	0.217431	7.88125e+133
-0.224043	0.210111	0.210111	7.88125e+133
-0.188266	0.199306	0.199306	7.88125e+133
-0.371058	0.186219	0.186219	7.88125e+133
-0.492356	0.169739	0.169739	7.88125e+133
-0.533116	0.15072	0.15072	7.88125e+133
-0.531715	0.129184	0.129184	7.88125e+133
-0.718505	0.105884	0.105884	7.88125e+133
-0.875222	0.0812511	0.0812511	7.88125e+133
-0.786287	0.0551212	0.0551212	7.88125e+133
-0.892429	0.0278008	0.0278008	7.88125e+133
-0.861356	8.80059e-06	8.80059e-06	7.88125e+133
-0.861498	-0.0273932	-0.0273932	7.88125e+133
-0.937504	-0.0544988	-0.0544988	7.88125e+133
-0.935975	-0.0809545	-0.0809545	7.88125e+133
-0.795571	-0.106391	-0.106391	7.88125e+133
-0.801826	-0.129823	-0.129823	7.88125e+133
-0.769567	-0.15126	-0.15126	7.88125e+133
-0.620246	-0.170718	-0.170718	7.88125e+133
-0.554395	-0.187157	-0.187157	7.88125e+133
-0.463001	-0.200302	-0.200302	7.88125e+133
-0.327465	-0.210532	-0.210532	7.88125e+133
-0.300297	-0.217179	-0.217179	7.88125e+133
-0.19337	-0.220937	-0.220937	7.88125e+133
0.062491	-0.220774	-0.220774	7.88125e+133
0.142891	-0.216565	-0.216565	7.88125e+133
0.250891	-0.208907	-0.208907	7.88125e+133
0.416436	-0.197956	-0.197956	7.88125e+133
0.580121	-0.183407	-0.183407	7.88125e+133
0.632977	-0.165952	-0.165952	7.88125e+133
0.854577	-0.145125	-0.145125	7.88125e+133
0.797627	-0.121622	-0.121622	7.88125e+133
0.979242	-0.0960588	-0.0960588	7.88125e+133
0.956706	-0.068469	-0.068469	7.88125e+133
1.07392	-0.0391961	-0.0391961	7.88125e+133
1.09247	-0.00939995	-0.00939995	7.88125e+133
1.00028	0.0213612	0.0213612	7.88125e+133
1.06704	0.0517994	0.0517994	7.88125e+133
1.17342	0.0821835	0.0821835	7.88125e+133
1.13821	0.112133	0.112133	7.88125e+133
0.995536	0.140241	0.140241	7.88125e+133
0.847186	0.16721	0.16721	7.88125e+133
0.85266	0.191081	0.191081	7.88125e+133
0.694663	0.212796	0.212796	7.88125e+133
0.644024	0.231286	0.231286	7.88125e+133
0.52302	0.246803	0.246803	7.88125e+133
0.625989	0.258799	0.258799	7.88125e+133
0.292872	0.266336	0.266336	7.88125e+133
0.311958	0.270363	0.270363	7.88125e+133
0.0759035	0.270557	0.270557	7.88125e+133
-0.0486906	0.2665	0.2665	7.88125e+133
0.0157256	0.25828	0.25828	7.88125e+133
-0.239371	0.245805	0.245805	7.88125e+133
-0.346541	0.230713	0.230713	7.88125e+133
-0.385465	0.211517	0.211517	7.88125e+133
-0.560648	0.188765	0.188765	7.88125e+133
-0.6122	0.163083	0.163083	7.88125e+133
-0.631674	0.135281	0.135281	7.88125e+133
-0.818635	0.105626	0.105626	7.88125e+133
-0.768692	0.0736814	0.0736814	7.88125e+133
-0.919336	0.0404368	0.0404368	7.88125e+133
-0.927129	0.00705268	0.00705268	7.88125e+133
-0.80773	-0.0266356	-0.0266356	7.88125e+133
-0.898636	-0.0599375	-0.0599375	7.88125e+133
-0.871155	-0.0922375	-0.0922375	7.88125e+133
-0.693825	-0.123491	-0.123491	7.88125e+133
-0.693708	-0.152408	-0.152408	7.88125e+133
-0.748878	-0.179214	-0.179214	7.88125e+133
-0.624146	-0.202899	-0.202899	7.88125e+133
-0.35878	-0.223787	-0.223787	7.88125e+133
-0.493792	-0.240852	-0.240852	7.88125e+133
-0.298348	-0.254198	-0.254198	7.88125e+133
-0.220243	-0.263121	-0.263121	7.88125e+133
0.0253362	-0.267828	-0.267828	7.88125e+133
0.240676	-0.26859	-0.26859	7.88125e+133
0.284624	-0.264635	-0.264635	7.88125e+133
0.361422	-0.256373	-0.256373	7.88125e+133
0.50616	-0.24377	-0.24377	7.88125e+133
0.58027	-0.226645	-0.226645	7.88125e+133
0.745898	-0.205893	-0.205893	7.88125e+133
0.780694	-0.181551	-0.181551	7.88125e+133
0.865431	-0.154194	-0.154194	7.88125e+133
0.845736	-0.123951	-0.123951	7.88125e+133
0.921795	-0.0913604	-0.0913604	7.88125e+133
1.05032	-0.0565839	-0.0565839	7.88125e+133
1.09092	-0.0207166	-0.0207166	7.88125e+133
1.0277	0.0160369	0.0160369	7.88125e+133
1.17684	0.052967	0.052967	7.88125e+133
1.15728	0.0894322	0.0894322	7.88125e+133
1.08207	0.124686	0.124686	7.88125e+133
0.927487	0.15882	0.15882	7.88125e+133
1.00479	0.190873	0.190873	7.88125e+133
0.863742	0.220403	0.220403	7.88125e+133
0.799437	0.2464	0.2464	7.88125e+133
0.761635	0.269181	0.269181	7.88125e+133
0.588365	0.28832	0.28832	7.88125e+133
0.445303	0.30278	0.30278	7.88125e+133
0.39735	0.312894	0.312894	7.88125e+133
0.0913585	0.318354	0.318354	7.88125e+133
0.14138	0.319179	0.319179	7.88125e+133
0.0576161	0.31516	0.31516	7.88125e+133
-0.0506721	0.305939	0.305939	7.88125e+133
-0.207726	0.292181	0.292181	7.88125e+133
-0.247204	0.274234	0.274234	7.88125e+133
-0.474425	0.252306	0.252306	7.88125e+133
-0.51561	0.22616	0.22616	7.88125e+133
-0.653666	0.196194	0.196194	7.88125e+133
-0.627682	0.1637	0.1637	7.88125e+133
-0.738353	0.128464	0.128464	7.88125e+133
-0.80555	0.0915387	0.0915387	7.88125e+133
-0.906951	0.0523325	0.0523325	7.88125e+133
-0.984063	0.0130092	0.0130092	7.88125e+133
-0.80419	-0.0270337	-0.0270337	7.88125e+133
-0.92179	-0.0664434	-0.0664434	7.88125e+133
-0.887149	-0.10511	-0.10511	7.88125e+133
-0.872789	-0.141751	-0.141751	7.88125e+133
-0.753299	-0.176314	-0.176314	7.88125e+133
-0.781019	-0.207999	-0.207999	7.88125e+133
-0.629192	-0.236872	-0.236872	7.88125e+133
-0.600802	-0.261539	-0.261539	7.88125e+133
-0.491744	-0.282607	-0.282607	7.88125e+133
-0.157666	-0.298215	-0.298215	7.88125e+133
-0.120075	-0.309916	-0.309916	7.88125e+133
-0.0610307	-0.316102	-0.316102	7.88125e+133
-0.024748	-0.317314	-0.317314	7.88125e+133
0.073216	-0.313286	-0.313286	7.88125e+133
0.319664	-0.304333	-0.304333	7.88125e+133
0.464622	-0.290278	-0.290278	7.88125e+133
0.555265	-0.271002	-0.271002	7.88125e+133
0.607937	-0.247483	-0.247483	7.88125e+133
0.866194	-0.219917	-0.219917	7.88125e+133
0.805885	-0.188006	-0.188006	7.88125e+133
0.902956	-0.152835	-0.152835	7.88125e+133
1.01802	-0.115131	-0.115131	7.88125e+133
1.0279	-0.0750403	-0.0750403	7.88125e+133
1.07524	-0.0336315	-0.0336315	7.88125e+133
0.99464	0.00907451	0.00907451	7.88125e+133
1.03004	0.0519978	0.0519978	7.88125e+133
1.10498	0.0949336	0.0949336	7.88125e+133
1.09908	0.135927	0.135927	7.88125e+133
0.972369	0.175839	0.175839	7.88125e+133
0.910331	0.213176	0.213176	7.88125e+133
0.824844	0.247697	0.247697	7.88125e+133
0.72296	0.278541	0.278541	7.88125e+133
0.596423	0.305496	0.305496	7.88125e+133
0.469835	0.328061	0.328061	7.88125e+133
0.373747	0.345611	0.345611	7.88125e+133
0.383921	0.357664	0.357664	7.88125e+133
0.193357	0.364718	0.364718	7.88125e+133
0.05946	0.366538	0.366538	7.88125e+133
0.063104	0.362155	0.362155	7.88125e+133
0.0150967	0.352468	0.352468	7.88125e+133
-0.355589	0.337564	0.337564	7.88125e+133
-0.4752	0.31748	0.31748	7.88125e+133
-0.432574	0.292456	0.292456	7.88125e+133
-0.545845	0.262576	0.262576	7.88125e+133
-0.569729	0.228911	0.228911	7.88125e+133
-0.6756	0.19172	0.19172	7.88125e+133
-0.859487	0.151285	0.151285	7.88125e+133
-0.81048	0.108571	0.108571	7.88125e+133
-0.811767	0.0638187	0.0638187	7.88125e+133
-0.88272	0.0185885	0.0185885	7.88125e+133
-0.885698	-0.0273386	-0.0273386	7.88125e+133
-0.789282	-0.0726182	-0.0726182	7.88125e+133
-0.950453	-0.117078	-0.117078	7.88125e+133
-0.862099	-0.159388	-0.159388	7.88125e+133
-0.649098	-0.199257	-0.199257	7.88125e+133
-0.568304	-0.236257	-0.236257	7.88125e+133
-0.537937	-0.269415	-0.269415	7.88125e+133
-0.478317	-0.298041	-0.298041	7.88125e+133
-0.473384	-0.322148	-0.322148	7.88125e+133
-0.294032	-0.340728	-0.340728	7.88125e+133
-0.235827	-0.354499	-0.354499	7.88125e+133
0.0101105	-0.362401	-0.362401	7.88125e+133
-0.0332885	-0.364245	-0.364245	7.88125e+133
0.148139	-0.360165	-0.360165	7.88125e+133
0.245864	-0.349951	-0.349951	7.88125e+133
0.525527	-0.334303	-0.334303	7.88125e+133
0.551586	-0.31344	-0.31344	7.88125e+133
0.715023	-0.286476	-0.286476	7.88125e+133
0.813157	-0.25521	-0.25521	7.88125e+133
0.915613	-0.219356	-0.219356	7.88125e+133
1.05064	-0.179689	-0.179689	7.88125e+133
0.91976	-0.1364	-0.1364	7.88125e+133
1.08976	-0.0909226	-0.0909226	7.88125e+133
1.06144	-0.0438444	-0.0438444	7.88125e+133
1.17692	0.00494867	0.00494867	7.88125e+133
1.09301	0.0537242	0.0537242	7.88125e+133
1.14508	0.102261	0.102261	7.88125e+133
1.08199	0.149567	0.149567	7.88125e+133
0.912526	0.194837	0.194837	7.88125e+133
1.00563	0.237909	0.237909	7.88125e+133
1.01905	0.277333	0.277333	7.88125e+133
0.818007	0.312629	0.312629	7.88125e+133
0.607315	0.343897	0.343897	7.88125e+133
0.558171	0.36988	0.36988	7.88125e+133
0.574363	0.390422	0.390422	7.88125e+133
0.530279	0.404592	0.404592	7.88125e+133
0.149743	0.413255	0.413255	7.88125e+133
0.212997	0.415758	0.415758	7.88125e+133
0.104803	0.411565	0.411565	7.88125e+133
-0.0341826	0.40089	0.40089	7.88125e+133
-0.279565	0.384612	0.384612	7.88125e+133
-0.370274	0.362309	0.362309	7.88125e+133
-0.409454	0.334433	0.334433	7.88125e+133
-0.51321	0.300814	0.300814	7.88125e+133
-0.62556	0.26283	0.26283	7.88125e+133
-0.687042	0.221183	0.221183	7.88125e+133
-0.695999	0.175759	0.175759	7.88125e+133
-0.844474	0.127096	0.127096	7.88125e+133
-0.955135	0.0769904	0.0769904	7.88125e+133
-0.929688	0.0256235	0.0256235	7.88125e+133
-0.897296	-0.0265437	-0.0265437	7.88125e+133
-0.869406	-0.0785879	-0.0785879	7.88125e+133
-0.738298	-0.128757	-0.128757	7.88125e+133
-0.830404	-0.177278	-0.177278	7.88125e+133
-0.792997	-0.222772	-0.222772	7.88125e+133
-0.707244	-0.265155	-0.265155	7.88125e+133
-0.541661	-0.303499	-0.303499	7.88125e+133
-0.447361	-0.336557	-0.336557	7.88125e+133
-0.347064	-0.364129	-0.364129	7.88125e+133
-0.205462	-0.386079	-0.386079	7.88125e+133
-0.195953	-0.401807	-0.401807	7.88125e+133
-0.175967	-0.411104	-0.411104	7.88125e+133
-0.0372058	-0.413749	-0.413749	7.88125e+133
0.110305	-0.409537	-0.409537	7.88125e+133
0.335459	-0.39918	-0.39918	7.88125e+133
0.372302	-0.381951	-0.381951	7.88125e+133
0.438589	-0.358387	-0.358387	7.88125e+133
0.718008	-0.328703	-0.328703	7.88125e+133
0.886283	-0.294081	-0.294081	7.88125e+133
0.84533	-0.253959	-0.253959	7.88125e+133
0.963943	-0.209309	-0.209309	7.88125e+133
0.932425	-0.161204	-0.161204	7.88125e+133
1.06469	-0.110041	-0.110041	7.88125e+133
1.06247	-0.0569127	-0.0569127	7.88125e+133
1.03335	-0.00212904	-0.00212904	7.88125e+133
1.14471	0.0527057	0.0527057	7.88125e+133
1.18437	0.107113	0.107113	7.88125e+133
1.00483	0.160736	0.160736	7.88125e+133
1.11459	0.212425	0.212425	7.88125e+133
0.979297	0.260467	0.260467	7.88125e+133
0.979325	0.304924	0.304924	7.88125e+133
0.832119	0.34528	0.34528	7.88125e+133
0.765175	0.380626	0.380626	7.88125e+133
0.719099	0.410533	0.410533	7.88125e+133
0.425608	0.433865	0.433865	7.88125e+133
0.424546	0.450742	0.450742	7.88125e+133
0.188131	0.460837	0.460837	7.88125e+133
0.127313	0.464212	0.464212	7.88125e+133
-0.0978933	0.459906	0.459906	7.88125e+133
-0.0817425	0.448742	0.448742	7.88125e+133
-0.29709	0.430898	0.430898	7.88125e+133
-0.485619	0.406385	0.406385	7.88125e+133
-0.518457	0.375438	0.375438	7.88125e+133
-0.611111	0.338176	0.338176	7.88125e+133
-0.746428	0.295896	0.295896	7.88125e+133
-0.805347	0.249491	0.249491	7.88125e+133
-0.707965	0.198727	0.198727	7.88125e+133
-0.831922	0.144644	0.144644	7.88125e+133
-0.85668	0.0884945	0.0884945	7.88125e+133
-0.810583	0.031051	0.031051	7.88125e+133
-0.799752	-0.0269367	-0.0269367	7.88125e+133
-0.806754	-0.0850089	-0.0850089	7.88125e+133
-0.869631	-0.141386	-0.141386	7.88125e+133
-0.867494	-0.195478	-0.195478	7.88125e+133
-0.637379	-0.246307	-0.246307	7.88125e+133
-0.665039	-0.293565	-0.293565	7.88125e+133
-0.721357	-0.336222	-0.336222	7.88125e+133
-0.532164	-0.373437	-0.373437	7.88125e+133
-0.385378	-0.404862	-0.404862	7.88125e+133
-0.257789	-0.429865	-0.429865	7.88125e+133
-0.230072	-0.447747	-0.447747	7.88125e+133
-0.0321552	-0.458698	-0.458698	7.88125e+133
0.0658647	-0.462249	-0.462249	7.88125e+133
0.0682031	-0.458371	-0.458371	7.88125e+133
0.285825	-0.446991	-0.446991	7.88125e+133
0.467749	-0.428131	-0.428131	7.88125e+133
0.465268	-0.402502	-0.402502	7.88125e+133
0.716889	-0.370115	-0.370115	7.88125e+133
0.671414	-0.331847	-0.331847	7.88125e+133
0.935284	-0.287474	-0.287474	7.88125e+133
0.923714	-0.238419	-0.238419	7.88125e+133
1.10759	-0.185596	-0.185596	7.88125e+133
1.09175	-0.128849	-0.128849	7.88125e+133
1.08622	-0.069922	-0.069922	7.88125e+133
1.08681	-0.00913819	-0.00913819	7.88125e+133
1.01443	0.052176	0.052176	7.88125e+133
1.03682	0.112443	0.112443	7.88125e+133
1.15464	0.171915	0.171915	7.88125e+133
0.98816	0.229376	0.229376	7.88125e+133
0.945162	0.283412	0.283412	7.88125e+133
0.869639	0.333106	0.333106	7.88125e+133
0.837363	0.37818	0.37818	7.88125e+133
0.721874	0.418047	0.418047	7.88125e+133
0.67134	0.451448	0.451448	7.88125e+133
0.509205	0.47755	0.47755	7.88125e+133
0.440609	0.496769	0.496769	7.88125e+133
0.221379	0.50874	0.50874	7.88125e+133
0	0	0	7.88125e+133
